0.167967
0.005259
0.314895
-0.416988
0.434834
0.145360
0.415682
-0.454777
-0.255664
0.071435
-0.296137
0.311647
0.068611
-0.309594
0.133537
0.272557
-0.280248
0.422882
-0.042305
0.347785
-0.321878
0.191396
-0.003157
-0.430354
-0.206234
0.243662
-0.110264
0.066684
-0.219668
0.335013
-0.451025
-0.304140
-0.048460
0.017745
-0.178416
-0.368379
-0.059241
-0.387681
-0.009970
-0.350320
0.004169
0.016342
-0.019669
-0.008061
-0.419795
0.383609
-0.131424
0.119792
-0.026758
-0.272243
-0.576385
-0.207796
-0.218897
-0.060454
-0.023234
-0.484088
0.209177
-0.158744
-0.148987
0.189216
-0.004399
-0.356042
-0.152278
0.053292
0.203317
-0.559054
0.053007
0.607660
-0.179502
0.326714
-0.243133
-0.409831
0.106070
0.633797
0.367103
-0.119765
0.119706
-0.194279
0.576793
-0.165832
-0.224189
-0.351342
-0.205135
-0.280219
0.034662
-0.098509
0.146027
0.027928
0.165684
0.179900
0.047807
-0.381482
-0.411522
-0.018463
0.116864
-0.036795
-0.356459
0.009105
-0.127168
-0.158365
0.009363
0.357827
-0.264633
-0.156314
-0.250758
-0.097248
-0.459377
0.296594
-0.167514
0.613777
-0.299346
-0.203564
0.244768
-0.250701
-0.284959
-0.393151
0.342680
-0.044021
0.197315
-0.337101
-0.185739
0.298405
0.011600
0.216528
0.030194
-0.059401
-0.317254
-0.030467
0.074840
-0.319762
0.064387
-0.405876
0.100363
-0.475701
0.142781
-0.002132
0.296058
0.010222
0.012882
0.261296
0.086698
0.184261
-0.231559
0.427194
0.082524
-0.074690
-0.022846
-0.515438
-0.363442
0.044525
0.230466
-0.372185
0.088943
0.285974
-0.184202
0.089073
0.088860
0.456864
-0.087043
0.546450
-0.039911
-0.316686
-0.206651
0.111282
-0.381729
0.332251
-0.108023
0.067095
0.402754
-0.002581
-0.172312
0.392077
-0.467437
-0.445994
-0.054382
-0.329635
-0.131998
0.464456
-0.199946
-0.005438
0.107794
-0.407745
-0.117764
-0.255597
-0.007006
-0.019835
-0.389156
-0.052080
0.429866
0.467083
-0.247143
0.157081
0.610183
-0.275153
0.034067
-0.218923
-0.242540
-0.326449
0.034062
0.292586
-0.366271
-0.203636
0.341108
0.735786
-0.407894
-0.055485
-0.022046
-0.456876
0.035604
-0.110680
0.294696
-0.113196
0.242044
-0.061566
-0.321580
-0.286150
0.332692
0.102569
-0.071323
-0.105036
0.408059
-0.272021
-0.585711
-0.282200
0.313057
0.228008
-0.310045
-0.492734
0.426921
-0.203572
0.124442
-0.287309
-0.187935
-0.321401
0.054977
-0.183679
0.208659
0.260126
0.048878
-0.221866
0.559667
0.156612
-0.216614
-0.404898
-0.249786
-0.186231
0.314152
-0.116795
0.315006
-0.460416
0.041322
0.059063
-0.292646
0.351709
-0.018145
0.172941
0.281898
-0.342591
-0.035521
-0.420152
0.120255
-0.411389
-0.010515
0.122033
-0.361996
-0.142374
0.039674
0.109625
-0.066711
-0.286841
-0.311108
0.138546
0.163073
0.062798
0.245904
0.224662
-0.197291
-0.081369
-0.449512
0.011901
0.212327
0.096881
0.406317
-0.438778
-0.145012
-0.328928
-0.034374
0.204386
-0.293338
-0.003122
-0.435867
-0.295017
-0.049558
0.077409
0.264878
-0.409943
-0.132521
-0.247561
0.358698
-0.030861
0.200529
0.450401
0.184096
-0.303863
0.393957
0.031935
-0.189549
-0.630591
-0.296990
-0.166303
-0.106272
0.657920
-0.294316
0.612401
-0.545224
0.293967
-0.321149
0.126087
-0.302369
0.076798
0.296995
0.360310
0.137897
0.503262
0.352567
0.125689
0.211615
-0.027779
0.378330
0.318563
0.605749
-0.375669
-0.455303
-0.209131
-0.041812
-0.137616
-0.539341
0.007052
0.140396
0.010934
-0.757118
0.446406
0.162604
-0.262349
0.410459
0.463391
-0.371035
0.156334
0.177848
0.196834
0.241425
-0.234038
-0.363694
0.507443
-0.178619
0.413210
-0.281311
-0.332630
0.134262
-0.319518
0.185020
0.315983
-0.237326
0.266875
0.346508
-0.009453
0.394485
0.096928
0.473308
-0.214006
0.406803
0.193252
0.301566
-0.495635
-0.578570
-0.182106
-0.486061
0.331870
-0.016384
0.140162
-0.098364
0.630647
-0.073746
-0.168507
-0.177687
0.487012
-0.231342
-0.150273
0.049045
0.108110
0.131189
-0.399510
0.065984
-0.179869
0.177213
0.052010
0.296323
0.440149
0.384962
-0.142627
0.020883
0.030755
0.141699
-0.207962
0.147478
0.388530
-0.207915
0.113755
-0.298425
0.421592
-0.156412
-0.198984
0.598085
-0.303821
0.043590
-0.322446
-0.401467
-0.279773
-0.185838
0.064015
0.452054
-0.008333
0.326025
-0.492185
-0.183174
0.318582
-0.531037
-0.023660
0.216939
0.118956
0.215904
-0.245602
0.400828
-0.591991
-0.192012
-0.333555
-0.103370
0.409894
-0.251992
-0.337846
-0.016449
0.283139
0.112050
-0.056959
-0.215775
-0.329774
-0.022018
0.056158
-0.482138
0.160201
-0.523520
0.165645
0.381036
0.285846
-0.308717
0.318120
0.155145
-0.343243
-0.099554
0.249401
0.185555
0.106018
0.088681
-0.082259
0.331405
0.121414
0.308590
0.117998
0.126359
-0.148266
-0.304952
-0.563618
-0.121729
-0.123296
0.415028
-0.098877
0.461092
0.189149
0.156920
-0.024376
-0.183595
-0.494873
0.010324
0.129181
0.065582
-0.103165
-0.538316
0.282838
0.288513
-0.078394
-0.187194
0.177569
-0.193072
-0.010463
-0.113710
0.295661
-0.363071
0.138173
-0.043075
0.040297
-0.525888
-0.133057
-0.401357
-0.240905
-0.558459
0.162059
-0.017073
-0.508506
0.003288
-0.209465
0.144204
0.063936
0.416075
-0.261687
-0.077473
-0.183148
-0.197626
-0.310763
-0.262600
0.313345
0.066129
-0.435077
-0.042820
0.211589
-0.261146
0.579475
-0.263708
-0.056018
-0.117813
0.316044
-0.072426
-0.205142
-0.064228
0.190395
0.119066
0.056237
-0.004851
0.431444
-0.130795
-0.055223
-0.139993
-0.198461
0.038466
-0.565454
-0.091297
-0.044037
0.133752
-0.500054
0.090500
0.091870
0.364628
0.087272
-0.202131
0.250843
0.198788
-0.003822
-0.265741
-0.208356
0.443204
-0.105352
-0.230202
-0.032683
-0.201766
-0.516308
-0.092892
0.163351
0.105877
-0.484274
-0.448559
-0.204239
0.053791
0.155450
0.046870
-0.002809
-0.394683
-0.323540
-0.217414
0.033273
0.064686
0.654377
-0.177221
-0.181233
-0.141618
-0.444229
-0.081692
0.151374
-0.172872
-0.399241
-0.147126
-0.244191
0.489473
-0.357546
0.585120
-0.121467
0.321309
-0.011408
-0.033672
0.060423
-0.292699
-0.235635
0.290737
-0.117085
0.390919
0.402772
0.298266
-0.627855
-0.113364
-0.291268
-0.249493
0.256538
0.088990
0.042414
-0.232166
0.140531
0.014662
-0.243527
0.102090
-0.059877
-0.267553
-0.256227
-0.296359
0.308020
-0.039662
-0.297829
-0.320977
0.027350
0.300966
-0.406681
0.341832
0.440369
-0.275755
-0.122967
-0.598849
0.036715
-0.030167
0.055296
0.643653
0.357051
-0.113281
-0.181572
-0.103021
-0.042539
0.219745
-0.394158
-0.277444
-0.159997
0.343245
-0.180506
-0.055753
0.080963
-0.480707
-0.263623
-0.315567
-0.590611
0.030643
0.083871
0.139675
0.172083
0.544030
-0.337616
-0.382920
-0.600527
-0.410945
-0.061225
-0.219862
0.113157
0.069209
0.267021
-0.107230
0.142104
0.433887
0.429548
0.528323
-0.064210
0.635660
-0.373181
-0.152198
-0.358379
-0.032511
-0.585649
-0.124722
-0.338691
0.221625
-0.180547
0.230627
-0.101712
0.205987
-0.014798
-0.179882
0.108832
0.218180
-0.535492
0.292814
0.428274
0.102278
0.102903
0.222773
0.013027
-0.183423
-0.550406
0.234041
0.385320
-0.085799
0.183948
-0.262432
0.276685
0.243309
-0.032848
0.179016
0.164715
-0.194789
-0.259091
-0.138331
0.446769
-0.333048
-0.244793
0.241220
0.555000
0.316555
-0.054525
0.035554
-0.280057
0.095944
-0.208511
0.247783
-0.430803
-0.288708
0.077112
-0.318482
-0.082567
0.101615
-0.197477
-0.307391
0.063301
-0.119217
-0.395281
0.282992
-0.036508
0.027188
-0.407437
-0.090112
-0.176142
0.447649
0.003927
-0.338612
-0.042126
0.073635
-0.238002
-0.098060
-0.014562
-0.521787
0.008287
0.311459
-0.456200
-0.749383
0.585726
-0.116140
0.190935
-0.239803
0.117537
-0.320630
-0.219410
0.129676
-0.370697
0.273054
-0.068149
-0.283080
0.129563
-0.050170
0.169683
0.033318
0.289474
0.172945
-0.184507
0.470652
0.268783
0.724201
0.202654
-0.087989
0.446353
0.141339
0.449179
0.286795
0.179200
0.077081
0.375284
0.156385
0.055593
0.284343
-0.015271
-0.120966
-0.040558
-0.102906
-0.461639
0.295677
0.483146
0.116616
-0.099926
-0.232844
0.049868
0.133476
0.418735
0.099805
-0.012017
0.570364
-0.224536
-0.083628
-0.081057
-0.352430
0.023630
0.238335
0.189235
-0.300075
-0.150005
-0.168034
0.234961
0.164350
-0.021354
-0.563614
-0.049446
-0.154370
0.242014
0.347222
-0.419667
-0.386241
0.131197
-0.413844
-0.005768
0.148949
-0.064774
-0.054150
0.408882
-0.196111
-0.051614
-0.493192
-0.349828
0.517633
-0.038831
0.075175
0.040518
-0.180330
0.109303
-0.237228
-0.058920
0.222412
0.231932
0.362695
0.233122
-0.041483
-0.286076
0.239908
-0.553095
0.391659
0.438055
0.054482
-0.499139
-0.069606
0.157988
-0.432564
-0.115962
0.057007
-0.505960
0.230465
0.055100
0.237453
0.306511
-0.338072
-0.328338
-0.294345
0.314701
0.006524
-0.098908
0.089455
0.167343
-0.580687
0.379902
-0.521008
-0.338826
-0.441151
-0.391146
-0.218692
-0.125945
0.221625
0.174833
0.148069
0.154440
-0.658224
-0.520052
0.245153
-0.370948
-0.105573
-0.340783
-0.030627
0.242150
0.461021
-0.162740
-0.390011
-0.372550
-0.082036
0.455517
0.372093
-0.302945
0.258118
0.024973
0.047080
-0.312003
0.372902
0.700171
0.291662
0.290283
0.045488
0.628783
0.366248
0.183345
0.110835
-0.065418
-0.409483
0.123142
0.050102
0.258093
-0.564751
0.388905
0.528959
-0.074635
-0.206674
-0.244184
-0.304915
-0.212382
-0.068201
0.471529
0.314037
-0.152596
0.117899
0.221097
-0.367536
0.586857
-0.437951
0.514687
0.040631
0.273212
0.234503
0.100125
0.037013
-0.205768
0.038216
0.239244
0.013118
-0.089084
0.226945
0.231740
0.048068
0.021969
-0.357793
-0.115916
0.286380
0.494367
-0.106680
0.159620
-0.201717
0.121707
-0.385306
-0.476435
-0.198328
0.406108
0.355971
-0.541349
-0.148128
0.506291
-0.405173
-0.049312
0.196430
0.482073
0.471640
0.270034
-0.038385
-0.079771
-0.129094
0.278329
0.278188
-0.546561
0.089432
-0.208058
0.215624
-0.051864
0.424186
0.080208
-0.315968
0.119479
0.123965
0.146745
0.574047
-0.337547
-0.713003
-0.336264
0.022425
0.364886
0.164264
-0.351025
0.064169
-0.568580
0.213827
0.498276
-0.338768
0.031373
0.220762
0.324502
0.464560
-0.412057
-0.018000
0.289653
0.612094
-0.270849
0.000567
-0.309405
-0.350965
-0.195104
-0.092354
0.499235
-0.057630
0.542113
0.012945
0.319180
-0.161881
-0.327572
0.666310
0.221880
0.223184
-0.609727
-0.003815
0.004389
-0.112855
0.755814
0.269171
0.253002
-0.119742
0.016106
0.046432
0.357643
-0.102861
-0.060824
-0.158749
0.428808
-0.004904
-0.056017
0.057296
-0.445182
0.339954
-0.359120
-0.196242
-0.110863
0.077634
-0.348736
0.125444
-0.091429
-0.178104
-0.495485
0.108554
-0.189417
0.044587
0.443437
0.407658
0.124618
0.312958
0.029469
-0.239537
-0.647180
0.518918
0.237429
0.108816
0.371313
0.071594
0.347836
-0.454406
-0.404934
0.221273
0.048660
-0.094196
-0.138487
-0.414376
-0.289256
0.358617
0.066388
-0.368435
-0.074832
-0.307728
0.013779
0.242027
-0.392608
-0.103815
0.201601
0.154653
0.022213
-0.209110
0.297057
-0.550487
-0.211853
-0.493680
0.231098
-0.012942
-0.127182
-0.409870
-0.172539
0.293846
-0.100271
0.029719
-0.204014
-0.067498
0.224336
-0.122360
-0.507558
0.000718
-0.227497
-0.273981
0.440010
0.360518
-0.049722
0.259306
-0.044802
0.192697
0.372353
0.084302
0.150337
0.153219
-0.196371
-0.388390
0.196932
-0.756594
0.075137
0.378230
0.017758
-0.342482
-0.111762
-0.154701
-0.277926
-0.326143
0.241268
-0.383884
-0.020741
0.089825
-0.300138
-0.304448
0.508298
-0.449866
-0.084946
-0.360198
-0.661051
0.119033
-0.149793
0.651527
0.146763
0.192313
-0.214113
0.285436
0.353784
-0.414572
-0.123713
0.028049
-0.102459
0.336781
-0.171158
0.088648
0.331972
-0.342096
-0.417167
-0.108547
0.261379
0.320895
-0.331137
0.102033
0.275868
-0.320362
0.087186
-0.222722
-0.290082
-0.199949
-0.011969
0.196055
-0.439918
0.409655
-0.113436
0.147654
0.181815
-0.746958
0.031267
0.066804
0.116255
-0.112455
0.146324
0.383909
0.086313
0.366296
0.055400
-0.117181
-0.457096
-0.174829
0.127062
0.250750
0.007501
-0.094082
0.298356
-0.265562
-0.022920
0.400069
0.350430
0.271739
0.424673
0.162447
0.290985
0.139718
0.007294
0.052071
0.224744
-0.154277
-0.419442
0.213128
-0.473718
-0.327711
-0.039892
0.185227
-0.416764
-0.273078
-0.121358
-0.074759
-0.305396
-0.161762
0.078794
0.160511
-0.220803
-0.294922
-0.068318
0.475188
-0.485222
0.186886
-0.153438
0.221556
-0.161214
-0.101345
-0.447696
-0.368486
-0.131641
-0.240037
-0.059676
-0.348217
0.073262
-0.093012
0.093392
-0.296120
-0.140919
-0.075933
-0.700864
-0.039076
-0.267571
0.193024
-0.268230
-0.501821
0.334935
0.083983
0.437463
0.306071
-0.068892
0.056364
0.239890
-0.102557
0.311365
0.004324
-0.292097
-0.341878
0.268124
-0.283866
0.386229
-0.245556
-0.194728
0.082991
-0.400348
0.210027
-0.192033
0.087803
0.148175
0.141781
0.262280
0.567878
-0.063344
-0.067336
-0.062354
0.479740
0.008953
-0.269950
-0.176261
-0.064586
0.275676
0.117698
-0.081420
-0.066052
0.198304
0.024105
-0.215090
0.297422
0.036085
-0.022006
0.072921
-0.318070
-0.101474
-0.141903
0.346970
-0.384183
0.070566
0.115532
-0.205260
-0.185899
0.384932
-0.123188
-0.114890
-0.191367
-0.375183
0.052832
-0.154564
-0.575221
-0.123724
-0.523379
0.016675
0.017017
-0.237457
-0.181485
-0.212734
0.130393
-0.263429
-0.204777
0.027633
0.160476
0.452349
0.283347
0.438697
0.193153
-0.034889
0.301692
0.147106
-0.708856
-0.333847
-0.485388
0.016132
-0.154376
-0.481293
0.230410
0.049310
-0.165743
-0.124251
0.160677
0.110593
-0.301887
-0.280164
0.103422
-0.129169
-0.176763
0.134313
0.090523
0.486513
-0.038949
-0.022384
0.009925
-0.316653
0.155379
0.196302
0.316920
-0.404900
-0.049664
0.207074
0.041857
0.314599
-0.028789
-0.334215
0.425998
0.313836
0.061511
-0.483380
0.250960
-0.159969
-0.010596
0.260525
0.503962
-0.477519
0.214852
0.306245
0.289390
-0.308264
-0.304401
0.050496
-0.351484
-0.285862
0.025971
0.453154
0.059054
-0.381301
-0.088117
-0.032678
0.095052
0.354899
-0.008823
-0.319006
-0.242900
0.158903
-0.083324
-0.201267
0.142912
-0.171373
-0.010995
0.474626
-0.207049
0.006044
-0.529230
-0.369514
0.001741
0.705760
-0.192108
-0.452599
0.051953
-0.162016
-0.188527
-0.155277
-0.156355
0.240921
-0.294465
-0.459494
-0.063072
-0.278601
-0.350151
0.113561
0.311357
0.058718
0.408996
-0.049304
-0.188574
0.310700
-0.067111
0.401300
0.101232
-0.270841
0.031540
0.266857
-0.206737
0.182696
0.382480
0.330412
0.220327
-0.027858
0.515813
0.236907
0.454581
-0.087698
0.309221
-0.174562
0.339622
-0.223371
0.149031
0.053067
0.038513
0.113562
-0.230657
-0.149579
-0.487235
-0.056677
0.410687
0.122194
-0.609662
-0.483553
0.297192
0.281536
-0.500580
0.621209
0.457961
0.230629
0.252812
0.204420
0.386172
-0.244791
-0.094089
-0.034255
0.589599
0.307582
-0.321425
0.037860
-0.141524
0.259820
0.095772
-0.045417
0.480598
0.075835
-0.036474
0.120691
0.138343
-0.363773
-0.090643
-0.026981
-0.162388
-0.078356
-0.480059
0.226761
0.779202
0.021127
0.409137
0.698941
0.088802
-0.335679
-0.198384
-0.062057
0.483170
-0.034555
0.233013
0.170088
-0.602912
-0.631219
-0.282523
0.040604
-0.127325
0.102905
-0.529475
0.060020
-0.374306
0.389604
-0.084017
0.332904
-0.327987
0.285708
-0.392639
0.248869
0.068203
-0.211755
-0.615420
-0.115459
0.176072
0.186395
0.479462
0.144343
0.043916
-0.369156
-0.297552
-0.334199
0.496036
-0.301621
-0.121614
-0.477241
0.288465
0.159048
0.421559
0.580287
-0.439550
-0.470711
0.249596
0.170494
0.152025
-0.056624
-0.618289
0.046746
0.161239
-0.363806
-0.114856
-0.322320
0.192056
-0.134625
0.028357
-0.131853
-0.269169
0.210428
-0.326568
0.094202
-0.155580
0.148317
-0.503141
0.103691
-0.503537
0.124223
0.113618
0.253759
0.300249
0.135393
0.307323
0.052283
-0.185417
0.104842
0.496793
0.316670
-0.157392
-0.074026
-0.321223
-0.281555
-0.238630
0.085404
-0.303368
0.019532
-0.543285
0.038443
0.124667
-0.126358
-0.142909
0.425010
0.295234
0.062192
-0.208761
0.164771
-0.069913
0.161897
-0.138033
0.301915
-0.712998
-0.114895
0.152901
-0.371450
0.035491
-0.001404
0.243290
-0.366151
0.002433
-0.624996
0.294844
0.002826
-0.340720
0.264882
-0.052035
0.129598
0.408069
0.338441
0.273222
0.008343
-0.033490
-0.231733
0.429306
-0.201342
0.076753
-0.357430
0.616807
-0.183295
-0.017716
-0.043293
0.344897
0.030152
-0.075275
0.238336
-0.323387
0.037792
-0.272831
0.282560
0.225445
-0.575112
-0.580256
0.191972
0.030872
0.197753
-0.061300
0.190010
-0.201337
-0.138215
0.168042
-0.095334
0.443331
-0.187608
0.143738
-0.068540
0.031067
-0.157555
-0.351445
-0.000070
0.078467
-0.033080
-0.001047
0.593463
0.075271
0.094683
0.434005
-0.026173
0.240085
0.107442
-0.193204
-0.003890
-0.102430
0.186544
0.130093
0.095677
-0.108481
0.202500
-0.097032
-0.200512
-0.081564
-0.219864
-0.049595
-0.218289
0.298795
-0.100938
-0.203181
-0.288845
-0.608950
-0.317178
0.115277
0.262492
-0.080442
-0.332650
-0.131088
-0.823490
-0.551077
0.195764
-0.068661
0.162374
0.237017
-0.158734
-0.311423
-0.201974
-0.258869
0.341877
-0.316248
0.518340
-0.197371
-0.450511
0.292701
-0.331878
0.340324
-0.571653
0.452118
-0.398009
-0.186800
0.372116
0.202589
-0.246644
-0.085598
0.044838
-0.010156
-0.332620
-0.128156
-0.099426
-0.341635
0.051890
0.004820
0.339020
0.033098
0.632724
0.107004
-0.153090
-0.148974
-0.165541
0.252696
-0.056329
0.095095
0.261111
0.286960
-0.533134
0.316630
-0.076190
0.189977
-0.005932
-0.464422
0.137751
-0.103860
-0.140637
-0.198538
-0.085097
-0.216403
-0.521640
0.157996
0.049645
-0.050274
-0.457648
0.199143
0.561032
0.520916
0.077633
0.095259
0.201227
0.201207
0.402400
-0.117004
-0.250423
0.283791
0.048915
0.289466
0.333317
-0.099406
0.314355
0.086755
0.074056
-0.343138
-0.038687
0.320967
0.060765
0.228756
0.213988
0.114890
-0.039609
-0.451608
-0.194025
-0.249134
-0.211989
-0.294864
-0.161859
-0.044828
0.063953
0.019941
-0.128817
0.437528
-0.030237
0.222539
0.155159
-0.264690
-0.348256
-0.054394
-0.278055
-0.080089
0.266897
0.244276
-0.337994
0.579673
-0.164724
-0.338706
0.093469
0.110074
-0.253945
0.142166
0.131824
0.169501
-0.063170
0.165611
-0.409591
0.302837
0.031458
0.001419
-0.326774
0.252848
0.046012
0.028063
0.584203
0.114366
-0.026149
-0.099388
0.116374
0.163371
0.140839
0.011589
0.124299
-0.316910
0.318565
-0.391845
0.210507
0.101216
-0.007086
-0.354181
0.227887
0.507909
0.056023
0.027900
-0.072149
0.298306
0.487857
-0.214256
-0.014668
-0.296648
-0.020136
-0.423829
0.331751
0.187516
0.294763
0.491627
0.214569
-0.006159
0.270924
0.017121
-0.249723
0.362318
0.131963
0.300274
0.145474
-0.491615
-0.166675
-0.049859
0.479417
0.109716
0.100542
-0.105694
0.267753
-0.385366
0.221049
-0.216316
0.170560
0.218635
0.601646
0.323942
-0.324910
-0.538580
0.405465
-0.132630
0.429063
-0.189061
-0.038295
-0.285001
-0.136607
-0.045084
-0.066810
0.798034
0.208837
-0.220982
-0.110641
0.136303
0.018625
0.150322
0.391725
-0.114715
0.417697
-0.057891
-0.253112
-0.593292
0.147783
0.269963
0.337516
0.078867
0.027134
-0.128206
-0.509487
0.072965
-0.022081
0.454163
0.332507
0.403700
0.267133
-0.101316
0.611989
-0.131209
-0.072127
0.129779
-0.086021
0.589086
-0.248141
-0.752340
-0.357433
-0.093586
-0.212664
0.516250
-0.128685
-0.485395
0.014680
0.080623
0.159435
-0.269649
0.012133
0.195486
-0.208134
0.277646
-0.161606
-0.434297
-0.441257
-0.254630
0.465613
0.220235
0.188889
-0.040179
0.131279
0.095198
0.652389
0.412231
-0.405506
0.058507
-0.512894
0.471314
0.103859
0.502622
-0.037841
0.197345
0.177284
-0.100346
0.054647
0.019473
-0.328227
-0.135056
-0.285619
-0.193141
0.234141
0.054185
-0.422899
-0.262160
0.222623
0.061444
0.005828
-0.031016
0.103733
-0.395535
-0.184813
-0.040516
0.004331
-0.127652
-0.015298
-0.033636
-0.128309
-0.401174
0.202343
0.195433
0.071574
0.068443
-0.663160
0.233239
-0.290811
0.101179
0.393507
-0.496063
-0.549607
-0.185854
0.384185
-0.057431
-0.203418
0.243299
0.209538
-0.435187
-0.276271
0.010114
-0.459143
0.064943
-0.424019
-0.365411
0.195225
0.092508
-0.453028
-0.281618
-0.055468
0.657809
-0.598016
0.452148
-0.040794
-0.000724
-0.001779
0.027211
-0.293071
-0.018400
0.176649
0.181045
0.065507
0.074483
0.511117
0.205287
-0.061213
0.266486
0.480661
0.054575
0.498284
-0.013172
-0.250826
-0.347422
-0.431711
-0.419069
0.003741
-0.301246
-0.421117
-0.632084
0.029743
0.108209
0.061115
-0.434922
-0.427783
0.076372
-0.461125
0.335066
0.448292
0.275842
0.065008
-0.041173
-0.343251
-0.275766
-0.093864
-0.028560
0.064900
-0.026350
0.218008
-0.432717
-0.116330
0.396338
0.320643
0.009819
0.134235
-0.088193
-0.092629
-0.058804
-0.034314
-0.362539
0.127841
-0.190969
-0.103167
-0.112415
0.210081
-0.237663
0.037289
0.033494
0.067629
0.066473
-0.289197
-0.392412
-0.386833
0.053671
-0.132769
0.433543
0.432171
-0.271510
0.629213
-0.062925
0.350206
0.086367
-0.327358
0.186849
-0.348599
-0.479242
0.309698
-0.024101
-0.045025
0.431860
0.055790
-0.034766
-0.300231
-0.397433
0.202560
0.127868
0.363104
0.443666
0.260746
-0.060910
0.025710
0.124324
-0.353847
0.017356
-0.008355
0.102517
0.540693
-0.063849
0.138101
0.414338
0.331884
-0.556490
0.349026
-0.021808
0.335449
0.472836
0.404295
-0.270080
0.215636
0.183119
0.379268
0.051923
-0.204184
0.143545
-0.100344
0.170461
0.280627
-0.368394
-0.188925
-0.059300
-0.146303
0.070850
0.557315
0.331089
-0.045779
0.053532
-0.113677
-0.527911
0.383580
0.223088
-0.111980
0.298029
0.121891
-0.427273
-0.386266
0.093791
-0.242072
-0.049772
-0.178403
0.096907
-0.668116
0.696725
0.194766
0.523186
-0.344720
-0.228669
0.593344
-0.243902
-0.165332
0.414299
0.018123
0.664880
-0.350771
0.555058
0.189590
0.124981
0.053244
-0.691509
0.175508
-0.009648
0.160364
0.058807
0.139867
-0.153978
-0.306878
0.294417
0.055630
-0.023708
-0.114563
-0.550729
0.052665
0.430051
-0.046079
-0.021829
-0.026057
-0.006825
-0.086989
0.342076
0.223923
0.149559
0.331225
0.330452
-0.043110
0.436468
0.194791
-0.164728
-0.488047
0.303791
-0.270432
0.564169
-0.059413
0.320385
-0.264234
-0.081087
0.110278
0.262544
-0.047110
-0.145411
0.009999
0.144304
0.506837
-0.074836
0.204550
0.070011
-0.208084
-0.102643
0.381406
-0.212046
-0.001408
-0.098482
-0.340019
0.340809
0.463883
0.078237
0.169891
-0.326456
-0.235658
0.365960
0.303409
-0.389410
-0.206957
0.232684
-0.280159
0.317885
-0.151490
-0.349375
-0.553809
0.004954
0.469021
-0.166420
0.639863
-0.443096
-0.069336
0.417202
-0.117059
-0.584002
0.172061
0.329984
-0.437659
-0.062341
0.279935
-0.523785
-0.017612
-0.235779
-0.518624
0.073721
0.570054
-0.050878
0.384193
0.445049
0.059522
-0.119143
0.513258
0.270890
0.124634
0.131179
-0.124064
-0.022916
-0.434532
0.517431
0.378201
0.646002
-0.147259
0.191226
0.417802
0.129364
0.274287
0.333854
0.317854
-0.660421
-0.035832
0.115090
0.406508
0.406765
-0.363024
0.016683
-0.000754
0.405813
0.064045
-0.353839
-0.226061
-0.164023
-0.089778
-0.226197
-0.166345
0.410710
0.323937
0.601289
0.012582
0.135817
0.242282
0.037336
0.130364
0.131044
0.490322
0.443545
-0.040672
0.139737
0.369465
-0.197563
-0.359479
0.562877
-0.088137
-0.416094
-0.063114
0.097098
0.370058
0.381157
-0.477556
-0.367710
0.178960
0.383097
0.163592
0.437188
0.493987
0.462966
0.015697
0.590557
0.059038
0.100756
-0.459094
0.043803
0.354091
-0.347087
0.239321
-0.183325
-0.645242
0.343954
0.325626
-0.124105
-0.344003
-0.137444
-0.231796
0.096335
0.025644
0.177125
0.328124
0.215959
0.341959
-0.315502
-0.136455
0.296851
-0.554039
-0.149911
0.073852
-0.166730
-0.145810
0.426839
0.109802
-0.361885
0.458621
-0.167478
0.296504
-0.075595
0.245047
-0.350211
-0.333533
0.174810
-0.058199
-0.231547
-0.341150
-0.430294
-0.371382
0.551978
0.260360
-0.405761
-0.248073
0.191400
-0.054439
0.298279
-0.147417
0.168195
0.145186
0.158762
-0.622394
0.015787
0.495888
0.075658
-0.341270
0.168066
0.087983
-0.056227
-0.465904
-0.363999
-0.131122
-0.255771
-0.095588
-0.085322
-0.406143
-0.095078
0.067203
0.105562
-0.360054
0.185934
-0.312721
0.202732
0.133688
-0.544240
-0.048872
0.083180
-0.068990
-0.060898
-0.073503
0.031116
-0.225071
0.459233
-0.093929
-0.234953
-0.455804
0.149441
-0.227903
-0.135078
-0.516757
0.449588
0.143922
0.542336
-0.363437
-0.205824
-0.046024
0.340587
-0.146123
0.156873
0.082371
0.213043
0.012425
-0.215315
0.135325
-0.014719
-0.167547
-0.028490
-0.118651
-0.082435
0.332496
0.154057
-0.054365
-0.214099
0.074447
-0.340237
-0.243867
0.049578
0.333426
0.393467
-0.103483
0.255934
0.225407
0.327550
0.177088
-0.344732
-0.331071
0.454127
-0.059038
0.156781
-0.545045
0.331282
-0.349464
0.030482
0.149176
-0.057363
-0.174139
-0.171824
-0.179501
0.331465
-0.175740
-0.124496
0.212184
-0.195526
-0.523162
-0.004759
0.181072
0.318653
-0.254598
0.411413
-0.288809
0.137292
-0.201536
-0.331082
0.207399
-0.316695
0.064489
-0.152243
-0.158583
-0.262849
-0.373088
-0.011204
0.118358
-0.229724
0.202124
-0.176248
0.048985
0.423377
-0.028782
0.358792
0.064303
-0.269928
-0.050030
0.419029
0.311226
0.099882
-0.057451
-0.170521
0.078485
0.300791
-0.312787
-0.292742
-0.471041
-0.279882
-0.127204
0.124457
-0.042326
-0.453805
0.017831
0.354012
-0.038670
-0.178263
0.227727
-0.061987
-0.393465
-0.217445
0.065210
-0.231664
0.247985
-0.277812
-0.333102
0.432217
-0.472726
-0.094015
-0.495996
0.172229
0.313105
-0.002151
0.051502
0.048030
0.273546
0.327585
0.318628
0.230305
0.200695
0.377244
-0.593783
0.127775
-0.215575
0.186248
-0.038124
0.358192
-0.313402
0.041425
0.101866
0.140320
-0.048730
-0.288430
-0.188407
0.393202
-0.301708
0.161642
-0.011396
0.021834
0.129548
-0.012591
0.289664
0.009977
0.347697
0.239474
0.068920
-0.247117
-0.432044
0.102601
0.292886
-0.015067
-0.029468
0.631861
0.088033
-0.298751
0.398396
0.005507
0.259540
0.096403
-0.131670
-0.204231
0.278482
-0.047543
-0.066294
-0.202279
-0.242135
-0.012201
-0.141303
0.126791
-0.477219
0.183440
-0.068505
0.119594
0.036701
0.268898
0.012565
-0.090860
-0.166423
-0.366941
0.153317
-0.341668
-0.054622
-0.141177
0.631255
-0.162842
-0.186956
0.168815
-0.122302
-0.007068
-0.041749
0.015087
-0.226067
-0.200547
0.516348
0.228764
0.421008
-0.240206
0.388833
0.211909
-0.063753
-0.003813
0.151011
0.125213
-0.582104
-0.368642
-0.289970
0.065122
0.098396
0.076130
-0.035038
0.167004
0.325467
0.282297
0.000442
-0.222786
-0.377162
0.289288
0.164560
0.235632
-0.512703
-0.497758
-0.081473
-0.046062
-0.114873
-0.280270
-0.154136
-0.016696
-0.038011
-0.037410
-0.098607
-0.631089
-0.510817
0.332205
-0.068118
0.070090
0.262302
0.504401
0.224701
0.184620
-0.075728
0.472711
0.021222
0.381989
-0.203158
0.546626
-0.333816
-0.456350
-0.250715
0.224141
-0.370368
-0.122166
-0.003411
0.079246
0.756850
-0.076260
-0.395103
0.281051
0.179762
-0.165564
-0.407875
0.016100
0.052502
0.192739
-0.064910
-0.114428
0.291129
-0.182762
-0.043548
0.148407
-0.012610
-0.176283
-0.192646
0.325115
-0.380759
-0.067775
-0.054683
0.003992
0.122339
0.423980
-0.118729
-0.423796
-0.322881
-0.175937
0.400403
-0.163490
-0.079316
0.308315
-0.434521
0.050953
-0.150177
-0.085570
0.083242
-0.215751
0.014298
-0.006375
0.093252
0.422357
-0.240302
0.021695
-0.222863
0.495353
0.208819
-0.061278
0.610031
-0.264841
-0.480251
0.469187
0.049432
-0.230049
0.229052
-0.081204
0.124331
-0.105589
0.223670
0.303120
-0.299419
0.449458
0.245819
0.171098
0.541898
0.402906
0.147892
-0.406722
0.402408
-0.218750
-0.485251
-0.471098
-0.489298
0.030127
-0.397524
-0.117944
0.044229
-0.169833
-0.319387
-0.193721
-0.297131
-0.194013
0.122310
0.256603
0.605857
-0.339088
-0.275103
0.072411
-0.020048
0.053036
0.128601
0.148241
0.292651
-0.424304
0.095234
0.381872
-0.274230
0.273960
0.148598
0.482129
0.680990
-0.216748
-0.262293
0.035217
-0.705763
0.521905
-0.240045
0.401149
0.202087
-0.072384
0.244654
0.018207
-0.384582
0.389054
-0.139222
0.604952
0.120968
0.475254
-0.073841
-0.182683
-0.190736
-0.111539
-0.114751
0.450474
-0.112931
-0.260584
0.040674
0.135675
-0.177859
0.145759
-0.145399
-0.519501
0.332699
0.150519
0.009399
-0.234954
0.461449
-0.016356
0.062794
-0.093271
-0.399409
-0.434796
-0.458032
0.138554
0.161700
0.465424
-0.219025
0.329155
-0.146032
-0.395162
0.201817
0.254933
0.050549
0.000883
-0.216173
0.188086
0.342877
0.523094
-0.552394
-0.397547
0.154712
-0.049454
-0.350741
0.045246
0.089467
0.047614
0.109626
0.141431
-0.246418
0.300805
0.028501
-0.039857
-0.038924
-0.471839
0.139910
-0.087165
-0.084675
-0.097099
0.514243
-0.200127
0.129319
0.384713
-0.066386
-0.438560
0.025394
-0.048843
-0.266124
0.361291
0.083222
-0.272430
-0.505298
-0.296226
0.257313
-0.202696
-0.657894
0.063746
0.153114
0.021831
0.190930
-0.151460
-0.134055
0.098278
0.108803
-0.263817
-0.319552
0.297642
-0.144172
0.075745
0.265783
-0.491644
0.367787
-0.084781
-0.281727
-0.285155
0.104808
0.190623
-0.240478
0.391744
0.103859
-0.305910
-0.317696
0.323747
-0.375084
0.068299
0.120013
0.228139
0.435303
0.628483
0.028161
-0.314002
0.227263
-0.201977
0.243254
-0.050540
0.506806
-0.296325
0.483481
-0.573616
-0.205507
0.075733
-0.116687
0.395149
-0.522319
-0.225180
-0.007336
-0.158744
0.095388
0.064724
-0.127265
-0.314897
0.024186
-0.040957
-0.179701
-0.222913
-0.412895
0.169536
0.120424
0.622603
0.048849
-0.150175
0.222487
-0.147014
0.238512
0.044235
-0.147670
-0.027917
-0.206772
-0.130445
0.306410
0.348410
-0.242092
0.029560
0.282400
0.123444
0.020952
-0.156298
0.390319
-0.055723
-0.286141
-0.013047
0.063795
-0.183214
-0.017036
-0.209813
-0.151137
0.245445
0.364195
-0.232901
-0.013473
-0.433487
0.208416
0.190615
-0.085322
-0.235011
-0.400388
0.427925
0.060439
0.031437
0.210021
0.014250
-0.224257
0.345556
-0.148073
0.064498
-0.270350
0.267581
-0.137800
-0.612621
-0.187000
-0.162777
0.096836
0.061172
0.069141
0.122005
0.063405
0.143279
-0.200140
0.033877
0.264216
0.202055
0.312430
0.180260
0.512177
-0.170201
-0.275546
0.337021
0.042376
0.088902
-0.468596
-0.040560
0.046032
-0.222246
0.293213
0.085744
-0.251804
-0.160938
-0.228632
-0.041412
-0.283047
-0.127196
-0.145513
0.009765
0.440258
0.177300
-0.172632
0.278561
0.123190
0.177712
0.453709
0.251320
-0.401549
0.226315
-0.000678
-0.213013
0.387967
-0.299903
0.275720
-0.214793
-0.094113
-0.193192
0.033595
0.485444
-0.063339
-0.071414
0.088011
-0.361419
0.096116
-0.407596
0.035086
0.032583
-0.357633
0.312004
0.000859
-0.026170
0.126701
-0.275613
0.300544
0.575369
-0.077553
0.276539
0.437088
-0.246527
0.156140
0.256603
-0.482407
0.446298
-0.209508
-0.114724
0.343043
0.123119
0.627532
0.515395
0.534542
-0.225686
-0.512026
-0.453796
0.080628
-0.236166
-0.402634
-0.399656
0.507499
0.198030
-0.360644
0.184781
0.049214
-0.083587
0.155992
0.028859
-0.231898
0.141385
0.094472
0.014332
0.085086
0.014495
-0.087874
-0.251546
-0.266722
-0.021570
-0.044741
-0.123049
0.177385
0.078165
-0.332217
-0.308495
-0.318332
-0.063058
-0.057310
-0.099306
0.014675
-0.408125
0.293738
0.047894
0.033017
0.529095
0.172719
-0.405008
0.033930
0.237950
-0.166487
0.327748
-0.177474
-0.253058
0.156254
0.341702
0.135849
-0.197215
-0.123427
-0.081774
0.143525
0.397177
-0.141780
0.136504
-0.014967
0.242886
0.195305
-0.337576
-0.233583
0.355263
-0.438799
0.253896
-0.317963
-0.126305
0.073809
0.088543
-0.103022
-0.186260
0.218133
-0.076003
-0.011243
-0.508247
0.476015
-0.584273
-0.232159
0.327707
-0.034159
0.019688
0.386975
-0.079446
-0.201237
-0.257487
0.262722
-0.191423
0.171671
0.360057
0.624802
0.148855
0.003122
-0.082114
-0.215134
0.519479
-0.244421
-0.033445
-0.215333
-0.168988
-0.345062
0.296143
-0.133043
0.261136
0.142498
-0.403811
0.047938
-0.215380
-0.078709
0.272155
-0.391794
0.069458
-0.524357
0.315354
0.133375
-0.372222
0.337752
0.219290
-0.348057
0.219907
0.472292
-0.319164
0.548886
-0.095523
-0.083698
0.072898
0.152958
0.192897
0.170897
0.251674
0.198897
-0.235122
0.076187
0.461107
0.282802
0.202335
-0.240194
0.326517
-0.262510
-0.014262
-0.043303
0.388450
-0.050127
0.334911
-0.174774
-0.280785
0.123971
0.380825
0.128885
-0.252742
-0.370079
-0.037808
0.086511
0.208196
-0.102485
0.267334
-0.341910
0.188292
0.142620
0.115889
-0.399569
0.300411
0.005553
-0.312052
0.348407
-0.281844
-0.288451
0.096845
0.196708
-0.368242
0.047819
0.051289
-0.113214
-0.113872
0.071023
-0.179892
0.173307
-0.004699
-0.385910
-0.243056
-0.197590
-0.024202
-0.236008
-0.192677
-0.171661
0.014816
0.245127
-0.012478
0.536330
-0.098980
-0.135946
-0.194439
0.354060
-0.440122
-0.466288
0.375337
-0.612865
-0.096703
0.358241
-0.168301
0.065947
-0.371790
-0.111257
0.190763
-0.191920
0.114534
-0.239008
0.294674
0.220731
-0.272673
-0.088087
0.154079
-0.186959
-0.265922
0.319586
0.030353
0.098525
-0.209047
0.045745
0.040715
-0.275109
-0.466572
-0.087159
0.149214
0.317749
-0.102298
0.586017
0.016131
0.259276
-0.156242
-0.238894
0.444233
-0.426945
0.130818
0.029348
0.548709
0.018047
0.105081
0.081854
0.214319
-0.150519
-0.013240
0.021024
0.150621
0.176646
-0.331805
-0.457142
-0.264875
0.313518
-0.155066
-0.014982
0.158459
-0.081063
0.343390
0.016787
0.288075
-0.415702
0.530723
-0.328314
-0.406542
-0.112620
-0.153938
-0.367092
0.394637
0.099360
0.199010
-0.307349
-0.150985
0.313849
0.072697
-0.239186
0.450576
-0.465424
0.762908
-0.239915
-0.275697
0.483436
0.159717
-0.091143
0.206510
0.355213
-0.281530
0.587852
0.394901
0.294264
-0.178732
0.250468
-0.330879
0.085153
0.256809
0.424163
-0.420379
0.111504
-0.532940
-0.287476
0.000409
-0.410722
0.021991
0.800828
0.535707
0.464209
0.358705
-0.380849
-0.450177
0.110743
0.233827
0.358096
-0.220395
0.256505
0.375294
-0.329427
-0.075311
-0.115672
0.149933
0.155277
-0.291663
-0.069062
-0.336016
0.396665
-0.386383
-0.153612
-0.229915
0.017872
0.264230
0.612971
0.443345
0.041847
0.362545
0.310470
0.021818
-0.126101
0.361733
-0.085118
0.390040
-0.075633
0.298246
-0.405301
0.316853
-0.244052
0.182228
-0.110660
0.303322
0.340579
-0.117134
0.133253
0.250176
-0.087393
0.027033
0.412629
-0.336515
-0.251840
-0.190511
0.064317
-0.179122
-0.136948
0.092698
-0.034715
0.241695
-0.285821
0.600776
-0.042146
0.253131
0.214768
0.382065
-0.085265
-0.309920
-0.166968
0.176537
-0.214363
0.178763
0.303334
0.549975
-0.255014
0.439941
-0.385803
0.430587
-0.248643
0.087140
-0.213149
0.377712
-0.053386
0.320165
0.175354
-0.193251
-0.178406
-0.356762
-0.143695
0.097124
-0.325200
-0.247101
-0.121515
-0.211217
0.055163
0.311205
0.305073
0.079610
-0.086756
0.232728
-0.038435
0.404725
0.027317
0.053523
-0.505847
-0.220079
0.240718
-0.114054
-0.571291
0.458294
-0.244746
0.338785
-0.153037
0.318296
0.047070
0.523556
0.399042
0.260891
-0.403132
0.243787
-0.300317
-0.233514
-0.064010
-0.076042
-0.544878
0.301325
0.494463
0.167480
0.330210
0.236746
0.455688
0.094377
-0.126090
0.003750
-0.517603
-0.229313
0.454459
0.024732
-0.207171
0.007564
-0.153120
0.376881
-0.047632
-0.151785
-0.074228
0.532593
-0.323687
-0.341449
0.164008
-0.302162
-0.516106
0.114629
-0.070178
0.263907
0.298916
-0.317585
0.283747
0.020343
0.074053
-0.096246
-0.021517
-0.184414
-0.102554
0.012233
0.298377
0.321189
-0.037476
0.195485
0.502148
0.360660
0.260487
0.173124
0.223997
0.187634
0.182895
-0.206554
0.061169
-0.585580
-0.285360
-0.111086
-0.212548
-0.058290
-0.253856
0.057421
0.563096
-0.018679
0.277001
-0.177926
-0.496335
0.263406
-0.401250
0.366508
0.526723
0.384453
0.229969
0.075169
0.153969
-0.014969
0.033836
0.443905
-0.278841
-0.170895
-0.156133
-0.130400
0.112428
0.431389
-0.309979
0.143009
-0.062369
-0.064176
0.180549
-0.314226
-0.246250
-0.032019
-0.240082
-0.084281
0.346103
0.146036
0.361546
0.433451
0.108147
-0.357442
0.003204
-0.405977
0.165144
-0.031852
-0.560098
0.274627
0.324896
-0.319246
-0.644758
-0.184818
-0.072079
0.154538
-0.173067
-0.033669
0.555403
0.005115
0.251053
-0.379261
0.416966
0.427438
0.129206
-0.082661
0.122535
-0.058232
-0.220460
-0.178936
0.210907
0.313354
-0.410099
-0.200324
-0.209294
0.411571
-0.329589
-0.262052
-0.263295
0.284316
-0.033150
-0.568758
0.281733
-0.019967
0.083898
-0.217418
-0.251236
0.264356
-0.597332
0.173359
0.565791
-0.295136
-0.000945
0.022942
0.361088
0.074150
0.333052
0.385520
0.197397
0.039352
0.105139
-0.078113
-0.134419
-0.141974
0.073327
0.212945
0.239328
0.024538
0.212157
0.379251
-0.037911
-0.010305
-0.116234
-0.510904
-0.384193
-0.340021
0.029297
0.222764
-0.183649
-0.272733
-0.008342
-0.047520
0.243265
0.182688
0.267141
-0.406135
-0.483861
-0.054199
-0.290837
-0.283028
0.290020
0.268200
-0.111490
0.237087
0.078963
0.169413
-0.326025
0.040955
0.288814
-0.030615
0.071464
0.071937
-0.015575
-0.098076
-0.690426
-0.061038
-0.236312
0.061441
-0.326883
0.312311
-0.037170
0.339209
-0.168679
0.174685
0.391246
-0.039978
0.446185
-0.209773
0.253796
0.056656
0.389845
0.168893
0.026539
-0.158376
-0.284033
-0.244682
-0.431690
-0.176324
-0.177583
-0.294936
-0.361138
-0.204558
-0.066752
0.196724
0.337998
-0.588129
0.120556
0.099034
0.014971
-0.140972
0.514381
0.270685
-0.330226
0.379834
-0.097919
-0.416803
-0.132834
0.305503
0.105559
0.228040
-0.059014
0.261597
0.559190
0.420300
-0.540644
-0.388776
-0.192729
-0.591494
0.374492
0.068490
-0.088866
-0.005621
0.076637
0.111329
0.449740
-0.211201
-0.408061
0.068917
-0.057494
0.092756
-0.131399
-0.076942
0.092728
-0.242679
-0.307586
-0.130064
0.144913
0.190505
0.029241
0.184988
0.140967
-0.075515
-0.240802
0.333476
0.421027
-0.202093
-0.042694
-0.029619
0.246627
-0.147596
0.129252
0.457812
-0.051740
-0.076641
0.154457
-0.548286
0.013484
-0.494871
-0.072678
0.050449
-0.110506
-0.135230
0.193592
0.070742
0.265537
-0.123603
0.230847
0.040591
-0.301151
0.246011
-0.211012
-0.038976
-0.297548
0.053700
0.190893
-0.411376
-0.305123
0.500316
0.177527
0.284191
-0.031917
0.122179
0.228409
0.323051
0.000941
0.365687
0.048279
-0.067736
0.226115
0.252823
0.637135
0.062591
-0.119675
-0.234295
-0.417770
0.376474
-0.133803
0.074080
-0.366448
0.602160
0.320173
-0.004355
-0.316881
-0.179353
-0.477348
0.341783
-0.261608
-0.212519
0.015690
-0.052417
-0.542255
-0.370331
-0.161320
-0.005385
-0.269282
0.257766
-0.145593
-0.102999
-0.315439
-0.500525
0.036255
0.433786
-0.574821
0.166037
-0.012621
0.270099
0.357959
-0.212380
-0.152804
-0.035405
-0.053497
0.320474
0.069820
-0.040844
0.287394
-0.263371
0.100078
0.228433
-0.087252
0.038418
0.142879
-0.384649
-0.039678
0.340327
-0.260985
-0.568826
-0.144226
0.172432
-0.204522
0.487038
0.668839
-0.500409
-0.052139
-0.062665
0.448475
-0.164982
-0.009837
-0.357187
0.538886
-0.465850
0.063503
-0.032201
0.096317
0.443709
0.183224
-0.108581
0.520331
-0.173041
-0.412666
-0.027633
0.253119
-0.379973
0.221006
0.329370
0.407758
-0.059954
0.018801
0.575105
-0.001355
-0.254558
-0.444596
-0.469688
-0.113349
-0.686009
0.224894
0.607835
0.576217
0.183184
-0.594265
-0.228193
0.246424
0.045737
0.422127
-0.399336
-0.034637
-0.092569
0.097679
0.359617
-0.083789
0.662098
-0.110938
0.046135
-0.019135
0.658710
-0.471474
-0.356322
0.342674
-0.221188
-0.298106
0.552735
-0.014100
-0.346212
0.630216
0.092430
0.302239
-0.250178
0.036579
-0.341219
0.208600
0.074258
-0.094483
-0.152582
0.009015
-0.323742
-0.201138
0.189373
0.078468
0.280012
-0.425819
-0.578234
-0.253188
0.385142
0.449469
-0.135074
0.252668
0.325134
-0.060550
0.399237
-0.218292
0.010216
0.432018
0.275408
-0.416622
0.112727
-0.544041
-0.022940
-0.050389
-0.019230
0.057459
0.427101
-0.233563
0.160196
-0.172864
0.009260
-0.205725
-0.484726
-0.137665
0.058789
0.418797
-0.072796
0.094294
0.015108
-0.066808
-0.007689
-0.507485
0.272054
0.154523
0.370736
-0.392510
0.111301
0.350856
-0.140717
-0.086607
-0.332954
-0.143611
-0.058456
-0.526130
-0.050235
-0.258056
0.000058
0.456455
0.013003
0.094058
-0.305873
0.136628
0.052754
0.009662
-0.560088
0.517000
0.240642
0.039424
-0.308879
-0.422505
0.140349
-0.088264
0.125065
0.075751
0.318946
-0.546351
0.089103
0.268243
-0.356330
0.197742
0.428179
0.191666
-0.125136
0.172635
0.420515
-0.574581
0.142969
-0.048738
0.373557
0.415361
-0.558985
-0.500160
0.160237
0.199998
0.284349
0.276423
0.421849
-0.105293
0.025226
0.509349
-0.516944
-0.119588
0.039523
-0.254666
0.112700
-0.427466
-0.385017
0.223259
-0.087813
0.194674
0.420534
-0.025519
0.038867
-0.133098
-0.273933
0.391047
-0.027543
0.315265
-0.036784
0.287589
0.096919
-0.020196
-0.303450
0.532685
0.181645
0.155394
